 3 20
 3 21
 3 22
 3 23
 3 35
 3 36
 3 37
 3 38
 3 39
 3 40
 3 41
 3 42
 3 43
 3 44
 3 45
 3 46
 3 47
 3 48
 3 49
 3 50
 3 51
 3 52
 3 53
 3 54
 3 55
 3 56
 3 57
 3 58
 3 59
 3 60
 3 61
 3 62
 4 19
 4 20
 4 21
 4 22
 4 23
 4 24
 4 35
 4 36
 4 37
 4 38
 4 39
 4 40
 4 41
 4 42
 4 43
 4 44
 4 45
 4 46
 4 47
 4 48
 4 49
 4 50
 4 51
 4 52
 4 53
 4 54
 4 55
 4 56
 4 57
 4 58
 4 59
 4 60
 4 61
 4 62
 5 19
 5 20
 5 21
 5 22
 5 23
 5 24
 5 35
 5 36
 5 37
 5 38
 5 39
 5 40
 5 41
 5 42
 5 43
 5 44
 5 45
 5 46
 5 47
 5 48
 5 49
 5 50
 5 51
 5 52
 5 53
 5 54
 5 55
 5 56
 5 57
 5 58
 5 59
 5 60
 5 61
 5 62
 6 19
 6 20
 6 21
 6 22
 6 23
 6 24
 6 35
 6 36
 6 37
 6 38
 6 45
 6 46
 6 47
 6 48
 6 49
 6 50
 6 51
 6 59
 6 60
 6 61
 6 62
 7 18
 7 19
 7 20
 7 21
 7 22
 7 23
 7 24
 7 25
 7 35
 7 36
 7 37
 7 38
 7 47
 7 48
 7 49
 7 50
 7 51
 7 52
 7 59
 7 60
 7 61
 7 62
 8 18
 8 19
 8 20
 8 23
 8 24
 8 25
 8 35
 8 36
 8 37
 8 38
 8 49
 8 50
 8 51
 8 52
 8 55
 8 56
 8 57
 8 58
 8 59
 8 60
 8 61
 8 62
 8 63
 8 64
 8 65
 8 66
 9 18
 9 19
 9 20
 9 23
 9 24
 9 25
 9 26
 9 35
 9 36
 9 37
 9 38
 9 50
 9 51
 9 52
 9 53
 9 55
 9 58
 9 59
 9 60
 9 61
 9 62
 9 63
 9 66
10 17
10 18
10 19
10 20
10 23
10 24
10 25
10 26
10 35
10 36
10 37
10 38
10 50
10 51
10 52
10 53
10 55
10 58
10 59
10 60
10 61
10 62
10 63
10 66
11 17
11 18
11 19
11 24
11 25
11 26
11 35
11 36
11 37
11 38
11 51
11 52
11 53
11 55
11 56
11 57
11 58
11 59
11 60
11 61
11 62
11 63
11 64
11 65
11 66
12 68
12 69
12 70
13 10
13 11
13 12
13 13
13 14
13 15
13 16
13 17
13 18
13 19
13 20
13 21
13 22
13 23
13 24
13 25
13 26
13 27
13 28
13 29
13 30
13 31
13 32
13 33
13 34
13 35
13 36
13 37
13 38
13 39
13 40
13 41
13 42
13 43
13 44
13 45
13 46
13 47
13 48
13 49
13 50
13 51
13 52
13 53
13 54
13 55
13 56
13 57
13 58
13 59
13 60
13 61
13 62
13 63
13 64
13 65
13 66
13 68
13 69
13 70
14  8
14  9
14 68
14 69
14 70
15  6
15  7
15 16
15 17
15 18
15 25
15 26
15 27
15 35
15 36
15 37
15 38
15 51
15 52
15 53
15 55
15 56
15 57
15 58
15 59
15 60
15 61
15 62
15 63
15 64
15 65
15 66
16  5
16 15
16 16
16 17
16 18
16 25
16 26
16 27
16 28
16 35
16 36
16 37
16 38
16 51
16 52
16 53
16 55
16 58
16 59
16 60
16 61
16 62
16 63
16 66
17  4
17 15
17 16
17 17
17 18
17 25
17 26
17 27
17 28
17 35
17 36
17 37
17 38
17 51
17 52
17 53
17 55
17 58
17 59
17 60
17 61
17 62
17 63
17 66
18  3
18 15
18 16
18 17
18 18
18 19
18 20
18 21
18 22
18 23
18 24
18 25
18 26
18 27
18 28
18 35
18 36
18 37
18 38
18 51
18 52
18 53
18 55
18 56
18 57
18 58
18 59
18 60
18 61
18 62
18 63
18 64
18 65
18 66
19  3
19 14
19 15
19 16
19 17
19 18
19 19
19 20
19 21
19 22
19 23
19 24
19 25
19 26
19 27
19 28
19 29
19 35
19 36
19 37
19 38
19 51
19 52
19 53
19 59
19 60
19 61
19 62
20  2
20 14
20 15
20 16
20 17
20 18
20 19
20 20
20 21
20 22
20 23
20 24
20 25
20 26
20 27
20 28
20 29
20 35
20 36
20 37
20 38
20 50
20 51
20 52
20 53
20 59
20 60
20 61
20 62
21  2
21 14
21 15
21 16
21 27
21 28
21 29
21 35
21 36
21 37
21 38
21 49
21 50
21 51
21 52
21 53
21 59
21 60
21 61
21 62
22  1
22 13
22 14
22 15
22 16
22 27
22 28
22 29
22 30
22 35
22 36
22 37
22 38
22 48
22 49
22 50
22 51
22 52
22 59
22 60
22 61
22 62
23  1
23 13
23 14
23 15
23 16
23 27
23 28
23 29
23 30
23 35
23 36
23 37
23 38
23 47
23 48
23 49
23 50
23 51
23 59
23 60
23 61
23 62
24  1
24  8
24  9
24 10
24 11
24 12
24 13
24 14
24 15
24 28
24 29
24 30
24 31
24 32
24 33
24 34
24 35
24 36
24 37
24 38
24 39
24 40
24 41
24 42
24 43
24 44
24 45
24 46
24 47
24 48
24 49
24 50
24 59
24 60
24 61
24 62
24 63
24 64
24 65
24 66
24 67
24 68
24 69
24 70
24 71
24 72
24 73
25  1
25  8
25  9
25 10
25 11
25 12
25 13
25 14
25 15
25 28
25 29
25 30
25 31
25 32
25 33
25 34
25 35
25 36
25 37
25 38
25 39
25 40
25 41
25 42
25 43
25 44
25 45
25 46
25 47
25 48
25 49
25 59
25 60
25 61
25 62
25 63
25 64
25 65
25 66
25 67
25 68
25 69
25 70
25 71
25 72
25 73
26  8
26  9
26 10
26 11
26 12
26 13
26 14
26 15
26 28
26 29
26 30
26 31
26 32
26 33
26 34
26 35
26 36
26 37
26 38
26 39
26 40
26 41
26 42
26 43
26 44
26 45
26 46
26 47
26 59
26 60
26 61
26 62
26 63
26 64
26 65
26 66
26 67
26 68
26 69
26 70
26 71
26 72
26 73
27  8
27  9
27 10
27 11
27 12
27 13
27 14
27 29
27 30
27 31
27 32
27 33
27 34
27 35
27 36
27 37
27 38
27 39
27 40
27 41
27 59
27 60
27 61
27 62
27 63
27 64
27 65
27 66
27 67
27 68
27 69
27 70
27 71
27 72
27 73
