 3 20
 3 21
 3 22
 3 23
 3 35
 3 36
 3 37
 3 38
 3 39
 3 40
 3 41
 3 42
 3 43
 3 44
 3 45
 3 46
 3 47
 3 48
 3 49
 3 50
 3 51
 3 52
 3 53
 3 54
 3 55
 3 56
 3 57
 3 58
 3 59
 3 60
 3 61
 3 62
 4 19
 4 24
 4 35
 4 62
 5 19
 5 24
 5 35
 5 38
 5 39
 5 40
 5 41
 5 42
 5 43
 5 44
 5 50
 5 51
 5 52
 5 53
 5 54
 5 55
 5 56
 5 57
 5 58
 5 59
 5 62
 6 19
 6 24
 6 35
 6 38
 6 45
 6 46
 6 51
 6 59
 6 62
 7 18
 7 21
 7 22
 7 25
 7 35
 7 38
 7 47
 7 48
 7 52
 7 59
 7 62
 8 18
 8 20
 8 23
 8 25
 8 35
 8 38
 8 49
 8 52
 8 55
 8 56
 8 57
 8 58
 8 59
 8 62
 8 63
 8 64
 8 65
 8 66
 9 18
 9 20
 9 23
 9 25
 9 35
 9 38
 9 50
 9 53
 9 55
 9 58
 9 59
 9 62
 9 63
 9 66
10 17
10 20
10 23
10 26
10 35
10 38
10 50
10 53
10 55
10 58
10 59
10 62
10 63
10 66
11 17
11 18
11 19
11 24
11 25
11 26
11 35
11 36
11 37
11 38
11 51
11 52
11 53
11 55
11 56
11 57
11 58
11 59
11 60
11 61
11 62
11 63
11 64
11 65
11 66
15 16
15 17
15 18
15 25
15 26
15 27
15 35
15 36
15 37
15 38
15 51
15 52
15 53
15 55
15 56
15 57
15 58
15 59
15 60
15 61
15 62
15 63
15 64
15 65
15 66
16 15
16 18
16 25
16 28
16 35
16 38
16 51
16 53
16 55
16 58
16 59
16 62
16 63
16 66
17 15
17 18
17 25
17 28
17 35
17 38
17 51
17 53
17 55
17 58
17 59
17 62
17 63
17 66
18 15
18 18
18 19
18 20
18 21
18 22
18 23
18 24
18 25
18 28
18 35
18 38
18 51
18 53
18 55
18 56
18 57
18 58
18 59
18 62
18 63
18 64
18 65
18 66
19 14
19 29
19 35
19 38
19 51
19 53
19 59
19 62
20 14
20 17
20 18
20 19
20 20
20 21
20 22
20 23
20 24
20 25
20 26
20 29
20 35
20 38
20 50
20 53
20 59
20 62
21 14
21 16
21 27
21 29
21 35
21 38
21 49
21 53
21 59
21 62
22 13
22 16
22 27
22 30
22 35
22 38
22 48
22 52
22 59
22 62
23 13
23 16
23 27
23 30
23 35
23 38
23 47
23 51
23 59
23 62
24  8
24  9
24 10
24 11
24 12
24 15
24 28
24 30
24 31
24 32
24 33
24 34
24 35
24 38
24 39
24 40
24 41
24 42
24 43
24 44
24 45
24 46
24 50
24 59
24 62
24 63
24 64
24 65
24 66
24 67
24 68
24 69
24 70
24 71
24 72
24 73
25  8
25 15
25 28
25 48
25 49
25 59
25 73
26  8
26 15
26 28
26 42
26 43
26 44
26 45
26 46
26 47
26 59
26 73
27  8
27  9
27 10
27 11
27 12
27 13
27 14
27 29
27 30
27 31
27 32
27 33
27 34
27 35
27 36
27 37
27 38
27 39
27 40
27 41
27 59
27 60
27 61
27 62
27 63
27 64
27 65
27 66
27 67
27 68
27 69
27 70
27 71
27 72
27 73
25	1
24	1
23	1
22	1
21	2
20	2
19	3
18	3
17	4
16	5
15	6
15	7
14	8
14	9
13	10
13	11
13	12
13	13
13	14
13	15
13	16
13	17
13	18
13	19
13	20
13	21
13	22
13	23
13	24
13	25
13	26
13	27
13	28
13	29
13	30
13	31
13	32
13	33
13	34
13	35
13	36
13	37
13	38
13	39
13	40
13	41
13	42
13	43
13	44
13	45
13	46
13	47
13	48
13	49
13	50
13	51
13	52
13	53
13	54
13	55
13	56
13	57
13	58
13	59
13	60
13	61
13	62
13	63
13	64
13	65
13	66
13	69
12	69
14	69
13	68
13	70
12	68
14	70
14	68
12	70
