 1  2
 1  3
 1  4
 1  5
 1  6
 1  7
 1  8
 1 12
 1 13
 1 14
 1 15
 1 16
 1 17
 1 18
 1 19
 1 20
 1 21
 1 22
 1 23
 1 24
 1 25
 1 26
 1 27
 1 28
 1 29
 1 30
 1 37
 1 38
 1 39
 1 40
 1 41
 1 42
 1 43
 1 44
 1 45
 1 46
 1 47
 1 48
 1 49
 1 50
 1 51
 1 52
 1 53
 1 54
 2  2
 2  8
 2 12
 2 31
 2 38
 2 54
 3  2
 3  8
 3 12
 3 32
 3 33
 3 38
 3 54
 4  2
 4  8
 4 12
 4 34
 4 39
 4 54
 5  2
 5  8
 5 12
 5 34
 5 39
 5 54
 6  2
 6  8
 6 12
 6 35
 6 39
 6 54
 7  2
 7  3
 7  4
 7  5
 7  6
 7  7
 7  8
 7 12
 7 13
 7 14
 7 15
 7 16
 7 17
 7 18
 7 19
 7 20
 7 21
 7 22
 7 23
 7 24
 7 25
 7 26
 7 27
 7 28
 7 35
 7 40
 7 41
 7 42
 7 43
 7 44
 7 45
 7 46
 7 47
 7 48
 7 49
 7 50
 7 51
 7 52
 7 53
 7 54
 8 29
 8 35
 9 30
 9 35
 9 36
10 30
10 35
10 36
11 29
11 35
12  2
12  3
12  4
12  5
12  6
12  7
12  8
12 12
12 13
12 14
12 15
12 16
12 17
12 18
12 19
12 20
12 21
12 22
12 23
12 24
12 25
12 26
12 27
12 28
12 35
12 40
12 41
12 42
12 43
12 44
12 45
12 46
12 47
12 48
12 49
12 50
12 51
12 52
12 53
12 54
13  2
13  8
13 12
13 35
13 39
13 54
14  2
14  8
14 12
14 34
14 39
14 54
15  2
15  8
15 12
15 34
15 39
15 54
16  2
16  8
16 12
16 33
16 38
16 54
17  2
17  8
17 12
17 31
17 32
17 38
17 54
18  2
18  8
18 12
18 28
18 29
18 30
18 37
18 54
19  2
19  8
19 12
19 19
19 20
19 21
19 22
19 23
19 24
19 25
19 26
19 27
19 36
19 37
19 38
19 39
19 40
19 41
19 42
19 43
19 44
19 45
19 46
19 47
19 48
19 49
19 50
19 51
19 52
19 53
19 54
20  2
20  8
20 12
20 18
21  2
21  8
21 12
21 18
22  2
22  8
22 12
22 18
23  2
23  8
23 12
23 18
24  2
24  8
24 12
24 18
24 22
24 23
24 24
24 25
24 26
24 27
24 28
24 29
24 30
24 31
24 32
24 33
24 34
24 35
24 36
24 37
24 38
24 39
24 40
24 41
24 42
24 43
24 44
24 45
24 46
24 47
24 48
24 49
24 50
24 51
24 52
24 53
24 54
25  2
25  8
25 12
25 18
25 22
25 54
26  2
26  8
26 12
26 18
26 22
26 54
27  2
27  8
27 12
27 18
27 22
27 54
28  2
28  8
28 12
28 18
28 22
28 54
29  2
29  8
29 12
29 18
29 22
29 54
30  2
30  3
30  4
30  5
30  6
30  7
30  8
30 12
30 13
30 14
30 15
30 16
30 17
30 18
30 22
30 23
30 24
30 25
30 26
30 27
30 28
30 29
30 30
30 31
30 32
30 33
30 34
30 35
30 36
30 37
30 38
30 39
30 40
30 41
30 42
30 43
30 44
30 45
30 46
30 47
30 48
30 49
30 50
30 51
30 52
30 53
30 54
