 4 24
 4 25
 4 26
 4 27
 4 38
 4 39
 4 40
 4 41
 4 42
 4 43
 4 44
 4 47
 4 48
 4 49
 4 50
 4 51
 4 52
 4 55
 4 56
 4 57
 4 58
 4 59
 4 60
 4 61
 4 62
 4 63
 4 64
 4 65
 4 66
 4 67
 4 68
 4 69
 4 70
 5 21
 5 22
 5 23
 5 27
 5 37
 5 43
 5 47
 5 52
 5 55
 5 70
 6 21
 6 27
 6 36
 6 42
 6 47
 6 52
 6 55
 6 70
 7 15
 7 16
 7 17
 7 22
 7 27
 7 35
 7 42
 7 47
 7 52
 7 55
 7 70
 8 13
 8 14
 8 17
 8 22
 8 27
 8 34
 8 41
 8 47
 8 52
 8 55
 8 70
 9 12
 9 18
 9 22
 9 27
 9 34
 9 40
 9 47
 9 52
 9 55
 9 56
 9 57
 9 58
 9 59
 9 60
 9 65
 9 66
 9 67
 9 68
 9 69
 9 70
10 12
10 18
10 22
10 27
10 33
10 39
10 47
10 52
10 60
10 65
11 13
11 19
11 23
11 27
11 32
11 38
11 47
11 52
11 60
11 65
12 14
12 19
12 23
12 27
12 31
12 37
12 47
12 52
12 60
12 65
13  8
13 14
13 20
13 23
13 27
13 30
13 37
13 47
13 52
13 60
13 65
14  7
14  9
14 15
14 20
14 23
14 27
14 29
14 36
14 47
14 52
14 60
14 65
15  7
15 10
15 11
15 16
15 21
15 24
15 27
15 29
15 35
15 47
15 52
15 60
15 65
16  6
16 12
16 17
16 21
16 24
16 27
16 29
16 34
16 47
16 52
16 60
16 65
17  5
17 13
17 18
17 22
17 24
17 27
17 29
17 35
17 47
17 52
17 60
17 65
18  5
18  6
18 14
18 19
18 22
18 24
18 27
18 29
18 36
18 47
18 52
18 60
18 65
19  7
19  8
19 15
19 16
19 19
19 23
19 25
19 27
19 30
19 36
19 47
19 52
19 60
19 65
20  9
20 10
20 17
20 20
20 23
20 25
20 27
20 31
20 37
20 47
20 52
20 60
20 65
21 11
21 12
21 18
21 21
21 24
21 27
21 32
21 38
21 47
21 52
21 60
21 65
22 13
22 14
22 19
22 20
22 22
22 24
22 27
22 32
22 39
22 47
22 52
22 60
22 65
23  3
23  4
23  5
23 15
23 16
23 17
23 21
23 23
23 27
23 33
23 40
23 47
23 52
23 60
23 65
24  3
24  6
24  7
24  8
24  9
24 10
24 18
24 19
24 22
24 24
24 27
24 34
24 40
24 47
24 52
24 60
24 65
25  3
25 11
25 12
25 13
25 14
25 15
25 20
25 21
25 23
25 27
25 35
25 41
25 47
25 52
25 60
25 65
26  3
26 16
26 17
26 18
26 19
26 22
26 27
26 36
26 42
26 47
26 52
26 60
26 65
27  3
27 20
27 21
27 27
27 37
27 43
27 47
27 52
27 60
27 65
28  3
28  4
28  5
28  6
28  7
28  8
28  9
28 10
28 11
28 12
28 13
28 14
28 15
28 16
28 17
28 18
28 19
28 20
28 21
28 22
28 23
28 24
28 25
28 26
28 27
28 38
28 39
28 40
28 41
28 42
28 43
28 44
28 47
28 48
28 49
28 50
28 51
28 52
28 60
28 61
28 62
28 63
28 64
28 65
