 1 12
 1 13
 1 14
 1 15
 1 16
 1 17
 1 18
 2  9
 2 10
 2 11
 2 19
 2 20
 2 21
 3  8
 3 22
 4  6
 4  7
 4 23
 4 24
 5  5
 5 25
 6  5
 6 25
 7  4
 7 26
 8  3
 8 27
 9  3
 9  9
 9 10
 9 11
 9 20
 9 21
 9 22
 9 27
10  2
10  8
10 12
10 19
10 23
10 28
11  2
11  8
11 12
11 19
11 23
11 28
12  1
12  8
12 12
12 19
12 23
12 29
13  1
13  9
13 10
13 11
13 20
13 21
13 22
13 29
14  1
14 29
15  1
15 29
16  1
16 29
17  1
17 29
18  1
18 29
19  1
19 29
20  2
20 28
21  2
21 28
22  3
22  9
22 21
22 27
23  3
23 10
23 11
23 19
23 20
23 27
24  4
24 12
24 13
24 14
24 15
24 16
24 17
24 18
24 26
25  4
25 26
26  5
26  6
26 24
26 25
27  7
27 23
28  8
28 22
29  9
29 10
29 11
29 19
29 20
29 21
30 12
30 13
30 14
30 15
30 16
30 17
30 18
